#main 
25451383
25451383
73819701
68468459
68468459
55273560
95515789
45883110
82489470
19096726
45484331
45484331
45484331
19304410
19304410
19304410
62962630
62962630
62962630
95679145
30394645
9175957
9175957
9175957
54261514
54261514
54261514
24299458
24299458
35480699
29948294
29948294
29948294
36637374
36637374
36637374
82738008
34995106
81767888
17751597
#extra 
44146295
76666602
70534340
3410461
24915933
24915933
72272462
72578374
1906812
41373230
51409648
87746184
53971455
63261835
78397661
!side 
63941210
63941210
63941210
46708514
30394645
68144894
68144894
68144894
84031359
43898403
43898403
43898403
51706604
51706604
51706604
