#main 
97556336
97556336
97556336
54265980
54265980
54265980
28877382
28877382
28877382
92472273
92472273
81650695
81650695
28985331
28985331
52038441
52038441
24508238
24508238
24508238
27204311
27204311
27204311
48739627
48739627
48739627
70828912
34959756
34959756
38007649
38007649
38007649
68831625
32442017
32442017
32442017
40678060
14602126
14602126
8267140
8267140
8267140
80320877
#extra 
31010081
31010081
95626382
95626382
68231287
359563
581014
67630394
1269512
20145685
41522092
46772449
6983839
!side 
29726552
55063751
55063751
55063751
18144507
14532163
37520316
37520316
37520316
53129443
53129443
53129443
3259760
3259760
3259760
