#main 
75347539
42901635
24431911
44839512
44839512
44839512
87814728
87814728
87814728
86289475
51826619
51826619
12262393
52566270
79418928
79418928
79418928
43017476
43017476
43017476
62803464
9350312
9350312
9350312
62133026
62133026
36745317
9238125
45041488
45041488
80839052
85914562
27204311
54734082
65514302
65514302
65514302
98045062
67037924
64767757
#extra 
4628897
47247792
47247792
21861412
21861412
33198837
43355214
94503794
63746411
46871387
55285840
32530043
6983839
61641818
72409226
!side 
55063751
55063751
55063751
66816282
8267140
8267140
98045062
98045062
31834488
1372887
1372887
1372887
65703851
65703851
65703851
