#main 
60411677
60411677
60411677
34926568
97522863
97522863
97522863
91800273
91800273
91800273
69299029
69299029
69299029
29762407
8267140
8267140
66236707
66236707
66236707
59576447
28649820
95561146
95561146
95561146
85888377
85888377
85888377
11429811
11429811
11429811
97045737
97045737
97045737
42091632
42091632
42091632
58053438
58053438
63086455
63086455
#extra 
97800311
97800311
97800311
59531356
59531356
83656563
83656563
98506199
38495396
40673853
55285840
6983839
6983839
46772449
37926346
!side 
9822220
9822220
55063751
55063751
55063751
81674782
81674782
81674782
2263869
2263869
2263869
59576447
29549364
29549364
29549364
