#main 
26400609
26400609
90411554
90411554
53804307
53804307
53804307
89399912
89399912
89399912
27415516
91020571
53797637
89185742
58201062
58201062
58201062
94655777
19153590
19153590
19153590
94141712
94141712
21546416
21546416
57030525
3837261
3837261
3837261
93708824
26118970
26118970
12197223
12197223
17063599
17063599
17063599
24940422
24940422
24940422
#extra 
90448279
93039339
67359907
67359907
4965193
4965193
4965193
30350202
30350202
78144171
38694052
80117527
61775475
96633955
33698022
!side 
102380
102380
102380
36956512
36956512
34267821
34267821
34267821
28990150
28990150
28990150
74952447
43898403
43898403
43898403
