#main 
16387555
16387555
16387555
16509007
16509007
16509007
89392810
89392810
89392810
43904702
43904702
72323266
72323266
21142671
40177746
40177746
63542003
63542003
99937011
99937011
17266660
17266660
17266660
21074344
21074344
21074344
68144894
68144894
97268402
97268402
73642296
14442329
14442329
78058681
78058681
78058681
99243014
99243014
99243014
40847034
#extra 
42781164
42781164
42781164
88170262
88170262
88170262
15665977
15665977
15665977
41069676
41069676
41069676
4891376
90465153
94641726
!side 
61049315
55063751
55063751
55063751
93332803
93332803
93332803
24508238
24508238
1372887
1372887
1372887
43898403
43898403
43898403
