#main 
79418928
79418928
79418928
52566270
52566270
87814728
87814728
87814728
51826619
51826619
44839512
44839512
44839512
24431911
86289475
43017476
43017476
43017476
45041488
45041488
45041488
80839052
73642296
73642296
73642296
42141493
42141493
42141493
27204311
27204311
65514302
65514302
65514302
54734082
28653611
28653611
28653611
54261514
54261514
98045062
#extra 
47247792
47247792
21861412
21861412
41522092
46772449
581014
6983839
32530043
61399402
86331741
46871387
45852939
39317553
40673853
!side 
66816282
34267821
34267821
34267821
29726552
29726552
29726552
98045062
98045062
54261514
43898403
43898403
96005435
96005435
96005435
