#main 
47643326
44839512
44839512
44839512
24431911
87814728
87814728
87814728
51826619
51826619
52566270
86289475
79418928
79418928
79418928
43017476
94689206
45041488
45041488
45041488
85914562
85914562
85914562
48519867
27204311
67750322
67750322
52038441
52038441
59438930
24508238
24508238
54734082
65514302
65514302
65514302
2263869
2263869
2263869
8038143
#extra 
21861412
47247792
47247792
96633955
52352005
50954680
98506199
42566602
73079836
88177324
44698398
96471335
40673853
32530043
61399402
!side 
59531356
83656563
10000080
10000080
10000080
67750322
54261514
54261514
5318639
5318639
43898403
43898403
96004535
96004535
96004535
