#main 
75003700
75003700
75003700
44482554
44482554
70871153
70871153
1498449
7375867
84477320
17947697
17947697
17947697
8240199
8240199
8240199
68468459
68468459
62962630
62962630
89631139
89631139
30576089
6153210
6153210
32548318
6498706
6498706
17725109
17725109
71143015
36637374
36637374
34995106
5431722
69932023
80208225
62089826
43219114
6763530
#extra 
33760966
79755671
42125140
11443677
11443677
11443677
89851827
34848821
72272462
1906812
41373230
89604813
59822133
59822133
40908371
!side 
51409648
3410461
29948294
5318639
5318639
5318639
28674152
28674152
28674152
33017964
33017964
33017964
42314669
42314669
42314669
