#main 
16889337
37343995
37343995
37343995
16474916
16474916
16474916
79858629
43863925
5352328
67972302
9627299
9627299
9627299
67750322
67750322
67750322
24508238
24508238
24508238
91800273
91800273
91800273
77913594
77913594
77913594
52335937
7477101
7477101
7477101
4408198
54693926
54693926
54693926
5318639
5318639
5318639
197042
197042
77891946
#extra 
59242457
59242457
59242457
77675029
77675029
77675029
42741437
42741437
5530780
5530780
78135071
41524885
2061963
64276752
69840739
!side 
53129443
53129443
53129443
95589901
95589901
95589901
4206964
69599136
69599136
63086455
63086455
63086455
36956512
36956512
36956512
