#main 
28954097
28954097
28954097
23076639
23076639
23076639
55461744
55461744
21637502
95132593
68144894
95365081
95365081
95365081
32759190
32759190
27204311
27204311
27204311
24508238
24508238
24508238
59438930
59438930
97268402
97268402
42141493
42141493
63136489
63136489
63136489
20415050
20415050
20415050
57809669
25224340
28958464
28958464
93294363
29792472
#extra 
69601012
69601012
1769875
38264974
67021206
67021206
94410955
9785661
43227
69946549
11321089
71100270
38495396
75083197
45935145
!side 
53765052
67750322
67750322
28674152
28674152
28674152
37520316
37520316
37520316
5318639
8267140
8267140
54693926
54693926
54693926
