#main 
44455560
90681088
90681088
90681088
2526224
2526224
2526224
66431519
66431519
66431519
23015896
18621798
69000994
38910263
93170499
93170499
93170499
38339996
38339996
38339996
64612053
73355772
73355772
68144894
68144894
68144894
57554544
57554544
65305978
65305978
65305978
59388357
91703676
91703676
54261514
54261514
17151328
7477101
49238328
82956214
#extra 
17548456
17548456
17548456
52553102
52553102
52553102
64182380
64182380
64182380
59627393
30741334
93854893
59531356
83656563
98506199
!side 
93332803
93332803
93332803
5318639
5318639
5318639
53129443
53129443
53129443
2263869
2263869
2263869
27581098
27581098
27581098
