#main 
62991792
62991792
62991792
98396890
98396890
34761841
77360173
25784595
25784595
25784595
19299793
52589809
17315396
17315396
17315396
78552773
72323266
72323266
98806751
24508238
24508238
24508238
59438930
59438930
59438931
52038442
52038442
67750322
42141493
42141493
84192580
84192580
23008320
23008320
23008320
98173209
98173209
7337976
7337976
50056656
24662957
#extra 
99585850
97489701
36857073
9753964
87451661
80666118
70902743
66141736
66141736
66141736
4891376
87837090
81020646
27572350
94641726
!side 
55063751
55063751
55063751
43898403
43898403
43898403
53129443
53129443
53129443
33017964
33017964
28958464
7811875
7811875
5376159
