#main 
34022970
72238166
84433129
35844557
61116514
55697723
55697723
55697723
81096431
24557335
16889337
16889337
16889337
67972302
67972302
67972302
67750322
67750322
67750322
35405755
17266660
17266660
17266660
21074344
21074344
21074344
40177746
40177746
68144894
68144894
60394026
6798031
7477101
7477101
7477101
23153227
23153227
83838727
83838727
33787730
#extra 
34909328
7511613
9940036
40673853
45852939
63746411
82633039
6983839
46772449
67557908
94942656
94942656
2061963
59627393
94380860
!side 
55063751
55063751
55063751
5318639
5318639
5318639
53129443
53129443
53129443
27581098
27581098
27581098
1372887
1372887
1372887
