#main 
45710945
55697723
55697723
55697723
81096431
35886170
35886170
35886170
55088578
55088578
55088578
59724555
9491461
9491461
9491461
8512558
23720856
23720856
69852487
62006866
32164201
4647954
7477101
7477101
7477101
23153227
23153227
23153227
6595475
92365601
85119159
85119159
85119159
35480699
35480699
35480699
54693926
54693926
54693926
96004535
33017964
33017964
33017964
#extra 
60992364
68679595
59627393
45852939
6983839
48739166
31123642
86331741
85747929
46772449
41522092
41522092
88917691
93777634
26973555
!side 
75652080
75652080
75652080
5318639
5318639
5318639
67750322
67750322
67750322
78783557
78783557
75956913
57734012
12744567
8038143
