#main 
92472273
92472273
28877382
28877382
54265980
54265980
54265980
81650695
81650695
97556336
97556336
27204311
27204311
27204311
67750322
67750322
59438930
59438930
52038441
52038441
24508238
24508238
38007649
38007649
38007649
32442017
32442017
32442017
68831625
68831625
48739627
48739627
48739627
40678060
34959756
83764719
8267140
8267140
8267140
80320877
#extra 
26973555
65305468
68231287
95626382
95626382
31010081
31010081
46772449
6983839
16643334
63746411
55285840
72444406
98506199
11765832
!side 
55063751
55063751
55063751
3259760
3259760
3259760
2263869
2263869
2263869
53129443
53129443
53129443
29549364
29549364
29549364
