#main 
55461744
55461744
55461744
28954097
28954097
28954097
23076639
23076639
23076639
34541543
87462901
21637502
95132593
68144894
68144894
68144894
95365081
95365081
95365081
19000848
79109599
79109599
76722334
27204311
27204311
27204311
42141493
42141493
42141493
20415050
63136489
63136489
63136489
71593652
24094653
24094653
29792472
93294363
10045474
10045474
#extra 
11321089
38264974
69601012
69601012
1769875
67021206
45409943
43227
9785661
28143384
45445571
93854893
32302078
71100270
9567495
!side 
40221691
53765052
65403020
83986578
73304257
73304257
28674152
28674152
28674152
67750322
67750322
24508238
24508238
8267140
8267140
