#main 
16387555
16387555
16387555
89392810
89392810
89392810
16509007
16509007
16509007
43904702
43904702
72323266
72323266
21142671
61049315
68144894
68144894
67750322
67750322
67750322
52038441
52038441
52038441
59438930
59438930
97268402
97268402
24508238
78058681
78058681
14442329
14442329
14442329
99243014
99243014
99243014
97474300
97474300
40847034
40847034
#extra 
90465153
96633955
4891376
41069676
41069676
41069676
15665977
15665977
15665977
88170262
88170262
88170262
42781164
42781164
42781164
!side 
55063751
55063751
55063751
94016752
94016752
94016752
28958464
28958464
28958464
43898403
43898403
43898403
7811875
7811875
7811875
