#main 
75046994
75046994
75046994
81914447
81914447
81914447
55920742
55920742
55920742
6609736
6609736
13258285
13258285
19535693
19535693
19535693
50642380
82041999
62606805
36218106
30227494
9213491
9213491
9213491
71197066
59438930
59438930
58655504
58655504
58655504
52038441
52038441
24508238
24508238
24508238
8267140
8267140
36494597
49370016
43685562
#extra 
80073414
33171768
18313046
60465049
78693036
44708154
44708154
88139289
80666118
28403802
52644170
5848934
41924516
16246535
11441009
!side 
36956512
36956512
36956512
34267821
34267821
53129443
53129443
53129443
54693926
54693926
54693926
8267140
43898403
43898403
77414722
