#main 
97556336
97556336
97556336
34541940
60946049
60946049
97434754
97434754
23829452
23829452
89312388
27204311
27204311
27204311
52038441
52038441
74733322
74733322
74733322
1122030
37517035
74011784
74011784
74011784
8949584
8949584
8949584
6498706
6498706
6498706
66236707
66236707
66236707
2263869
2263869
2263869
5318639
5318639
5318639
23599634
#extra 
53589300
27184601
27184601
74631897
89851827
13735899
43227
46396218
59531356
83656563
40673853
55285840
41524885
72444406
98506199
!side 
55063751
55063751
55063751
24508238
24508238
67750322
67750322
12923641
12923641
12923641
74003290
74003290
74003290
98069388
98069388
