#main 
25451652
25451652
10426067
10426067
10426067
84031359
84031359
84031359
52840267
52840267
52840267
82773292
82773292
82773292
25339070
17266660
17266660
17266660
21074344
21074344
21074344
14517422
87112784
87112784
87112784
99941223
99941223
71593652
54261514
54261514
67724434
67724434
35480699
98829635
24299458
40366667
40366667
40366667
50501121
48152161
#extra 
10136446
10136446
10136446
4167084
4167084
4167084
95463814
83656563
45409943
67508932
67508932
67508932
72444406
30100551
40673853
!side 
94689635
94689635
94689635
46565218
93332803
5318639
5318639
43898403
43898403
43898403
58570206
58570206
58570206
2263869
2263869
