#main 
25451383
68468459
73819701
55273560
55273560
95515789
95515789
45484331
19304410
19096726
45883110
62962630
51831560
51831560
51831560
35622739
63542003
63542003
63542003
99937011
99937011
17266660
17266660
17266660
21074344
21074344
21074344
42141493
42141493
42141493
9175957
29948294
29948294
29948294
36637374
36637374
36637374
34995106
82738008
17751597
#extra 
20366274
69946549
24915933
44146295
76666602
34848821
41373230
51409648
87746184
78397661
53971455
11132674
4079728
48285768
46772449
!side 
89851827
3410461
25451383
25451383
68468459
28674152
28674152
28674152
77723643
44394295
44394295
44394295
43898403
43898403
43898403
