#main 
16387555
16387555
16387555
89392810
89392810
89392810
16509007
16509007
16509007
43904702
21142671
73642296
73642296
73642296
17266660
17266660
17266660
21074344
21074344
21074344
97268402
97268402
97268402
24508238
24508238
24508238
14442329
14442329
14442329
78058681
78058681
99243014
99243014
99243014
5318639
5318639
5318639
33017964
33017964
33017964
#extra 
42781164
42781164
42781164
15665977
15665977
15665977
88170262
88170262
88170262
41069676
41069676
4891376
30983281
21281085
94641726
!side 
55063751
55063751
55063751
93332803
93332803
93332803
1372887
1372887
8267140
99550630
96474800
96474800
96474800
20899496
20899496
