#main 
44839512
44839512
44839512
79418928
79418928
79418928
87814728
87814728
87814728
51826619
86289475
52566270
24431911
43017476
43017476
43017476
45041488
45041488
45041488
85914562
85914562
85914562
24508238
97268402
97268402
97268402
73642296
73642296
73642296
84192580
84192580
84192580
65514302
65514302
65514302
35480699
35480699
35480699
33017964
33017964
39733924
#extra 
47247792
47247792
21861412
21861412
73079836
52352005
66011101
46772449
6983839
88021907
61399402
20145685
13289758
67630394
78144171
!side 
24508238
24508238
51826619
55063751
55063751
55063751
33017964
75652080
75652080
43898403
43898403
43898403
1372887
1372887
1372887
