#main 
23064604
23064604
23064604
96570609
96570609
31596518
31596518
9748752
95457011
95457011
59463312
7166709
67584223
67584223
67584223
22842126
22842126
22842126
33609262
33609262
33609262
63899196
63899196
63899196
9283801
9283801
9283801
79844764
79844764
79844764
15735108
15735108
55144522
55144522
55144522
33017964
33017964
33017964
54241725
59983249
#extra 
!side 
69230391
29303524
4929256
73125233
28674152
28674152
68144894
68144894
67750322
67750322
67750322
99940363
8267140
75652080
75652080
