#main 
54143349
80538047
80538047
80538047
27755794
27755794
27755794
16922142
16922142
16922142
53927851
85315450
85315450
71736213
71736213
34242278
34242278
12197223
12197223
12197223
94103142
94103142
94103142
25940932
25940932
25940932
20508881
20508881
20508881
67115133
35480699
35480699
35480699
98045062
98045062
98045062
5318639
5318639
5318639
53813120
#extra 
41522092
26563200
47805931
71068247
94151981
80993256
58600555
57707471
9567495
75083197
67630394
97584719
2665273
74615388
15661378
!side 
68144894
68144894
68144894
10000080
10000080
10000080
81674782
81674782
81674782
53129443
53129443
53129443
66236707
66236707
66236707
