#main 
61980241
61980241
61980241
38648860
25592142
25592142
24779554
98385955
98385955
98385955
23151193
60145298
60145298
65504487
69925461
67750322
67750322
67750322
24508238
24508238
24508238
97268402
97268402
99289828
99289828
3496543
62173132
93723936
78293584
78293584
24878656
24878656
24878656
5318639
5318639
5318639
18158393
62995268
38511382
53329234
2006591
64998567
#extra 
14307929
77313225
41924516
5800323
79415624
821049
72444406
72444406
46772449
6983839
66532962
11765832
80532587
46174776
58071334
!side 
34267821
34267821
34267821
55063751
55063751
55063751
2263869
2263869
2263869
8267140
8267140
8267140
81674782
67037924
67037924
