#main 
79418928
79418928
79418928
52566270
52566270
44839512
44839512
44839512
87814728
87814728
87814728
51826619
51826619
24431911
86289475
43017476
43017476
43017476
36745317
81519836
81519836
81519836
9350312
9350312
9350312
9238125
99937011
45041488
80839052
27204311
27204311
27204311
42141493
42141493
42141493
54734082
65514302
65514302
65514302
28653611
28653611
28653611
35480699
35480699
35480699
#extra 
47247792
47247792
21861412
21861412
78144171
41522092
32530043
66011101
581014
45852939
46772449
6983839
46871387
61399402
86331741
!side 
58655504
58655504
58655504
67750322
67750322
67750322
29726552
29726552
10000080
10000080
33017964
33017964
96004535
96004535
96004535
